3687850537
2673369393
3547951903
3185681182
3185681182
5268672595
5268672595
5574219484
5084757644
5372668176	5212820753
5114684936
5317662428
3960577467	1790073690
5239852212
3828286125
3828286125
3149137601
2847103935
2821964005	1088083770
2168424780
1819829863
3951271152
5408322567
5327354532
1026959745	1026959745
5173594608
1729359904	1628088170	2297853217	2019289260	3087832111
2506254303
1784270542
2389279210
3348882160
1822884270
1628088170	2297853217	2019289260	3087832111
5204999764
3221018637
2149083162
5480031839
2906852625
5581553905
3923888935	2854123590	1762127860
1677994331
3377664104
2282974904
5041766597	5245691874	3180841670
5041766597	5245691874	3180841670
2464462933
5041766597	5245691874	3180841670
1805606807
5245691874	3180841670
5396777133	5396777133
5396777133
2247155072	3310800973
1705496337	2933403564
3866259503	2379734873
1702057455
3171417807
1826282782	1277422453
3187582174
2150038032
3554038221
1972259025	2667925357	1820124134
1757393853	1740154224
1604983763
2854123590	1762127860
2044872037
5385733118	2338513823	5385733118
2297853217	2019289260	3087832111
2019289260	3087832111
1070961525	1862690280	3071249087	2903691551	1767894124
2338513823	5385733118
1930061605
1714354665
3616392621
5121296729	1662258600	1745240185	1773537031	1663079691
1662258600	1745240185	1773537031	1663079691
2748605093
5501305474
1952470291	1862690280	3071249087	2903691551	1767894124
5214436005	1920541164	1721994424
2611879894
3539125531	1721994424
2338347281	1862690280	3071249087	2903691551	1767894124
2194496627
1950648082
1950648082
3046328555
2089689957	1820124134
1920541164	1721994424
1740429892	1960060727
2857510163
3784117915
1725638144
5221410059
2147671884	1671068657
1824464285
2623102071
5072786579	3128043612
5214228864
1795217173	2543325650	1808140622	1862690280	3071249087	2903691551	1767894124
1748048700
3932899279	2933403564
2691495720
5038585762
2667925357	1820124134
1445444757	1658702832	1658707882	1658406941
2095849691
3800752782
1745240185	1773537031	1663079691
1658702832	1658707882	1658406941
2543325650	1808140622	1862690280	3071249087	2903691551	1767894124
1820124134
3046389774
2340193461
3985857697
5446532216
1773537031	1663079691
5178246521	2632175495
1658707882	1658406941
1784965992	1695647937
3699627653
1658406941
2833229614	5239139930
3949846015	3180841670
1842862255	1808140622	1862690280	3071249087	2903691551	1767894124
2650906153	1782401325
1047014343
1902174452	2110132824
2521397584
1323530912
1394750921	2672570690	1695647937
3145114137
2814065382	1272486600
1808140622	1862690280	3071249087	2903691551	1767894124
2297163593	3071249087	2903691551	1767894124
1718664450	1841852005	1772687981
1645148814
1841852005	1772687981
2813952990
3092285435
2297850557	1663079691
1808715340
5465857606
3877412161
3281060695	1996810707
2117000133
5096581969	2933403564
2801856503	2129761253	2801856503
2640667065	3177951132
5187384818
1862690280	3071249087	2903691551	1767894124
1968796465
3807827579
3071249087	2903691551	1767894124
3015461843	1763855527	3015461843
2918952431	2173319414
2369241960
3099071047	3312720163	3099071047
1895298890
2903691551	1767894124
3567852457
2178658904
1715686722
3506740374
2878736765
5336504183
5099000794	2176600225	2933403564
2202782473
1886850500	3596162902
3225794304
1656934773
5283492769
2698601953
2672570690	1695647937
2780519573	1220174421
1763855527	3015461843
5197533230
2129761253	2801856503
2176600225	2933403564
1313568525
2718536310
2612988777
3480441421
2978122977
3900031457
5566483838
1953928637	1804752192
3195490502
2563389811	1671068657
2371787151
2483648614
5508232767
3171416063
1723481427	1788677624
2255475272
1593955792	2427291353
2691516841
2357187601	2933403564
5472229863
1845638405
1657876165	1804752192
5175751643
1706375935
2291804915
2033735145	2212194044
1785233034
2370709131
1934192791
1800459175
5315471489	2933403564
2317540077	1835419840
1985088205	1671068657
1906421751
1806814895	2933403564
3954305375	2277398261
1597141984
3312720163	3099071047
2366362373
5055407960
2259335245
5112569195
1250936563
5364074560
5543721602
1696291132
1519140540
1708469972	1671068657
3780037607	3267445202
1728123620
5364074560
1841167783
2990241471
1768255310	1671068657
1858673192
5238698656
2272332492
2681953460
