5372668176	5212820753
3960577467	1790073690
2821964005	1088083770
1026959745	1026959745
1729359904	1628088170	2297853217	2019289260	3087832111
1628088170	2297853217	2019289260	3087832111
3923888935	2854123590	1762127860
5041766597	5245691874	3180841670
5041766597	5245691874	3180841670
5041766597	5245691874	3180841670
5245691874	3180841670
5396777133	5396777133
2247155072	3310800973
1705496337	2933403564
3866259503	2379734873
1826282782	1277422453
1972259025	2667925357	1820124134
1757393853	1740154224
2854123590	1762127860
5385733118	2338513823	5385733118
2297853217	2019289260	3087832111
2019289260	3087832111
1070961525	1862690280	3071249087	2903691551	1767894124
2338513823	5385733118
5121296729	1662258600	1745240185	1773537031	1663079691
1662258600	1745240185	1773537031	1663079691
1952470291	1862690280	3071249087	2903691551	1767894124
5214436005	1920541164	1721994424
3539125531	1721994424
2338347281	1862690280	3071249087	2903691551	1767894124
2089689957	1820124134
1920541164	1721994424
1740429892	1960060727
2147671884	1671068657
5072786579	3128043612
1795217173	2543325650	1808140622	1862690280	3071249087	2903691551	1767894124
3932899279	2933403564
2667925357	1820124134
1445444757	1658702832	1658707882	1658406941
1745240185	1773537031	1663079691
1658702832	1658707882	1658406941
2543325650	1808140622	1862690280	3071249087	2903691551	1767894124
1773537031	1663079691
5178246521	2632175495
1658707882	1658406941
1784965992	1695647937
2833229614	5239139930
3949846015	3180841670
1842862255	1808140622	1862690280	3071249087	2903691551	1767894124
2650906153	1782401325
1902174452	2110132824
1394750921	2672570690	1695647937
2814065382	1272486600
1808140622	1862690280	3071249087	2903691551	1767894124
2297163593	3071249087	2903691551	1767894124
1718664450	1841852005	1772687981
1841852005	1772687981
2297850557	1663079691
3281060695	1996810707
5096581969	2933403564
2801856503	2129761253	2801856503
2640667065	3177951132
1862690280	3071249087	2903691551	1767894124
3071249087	2903691551	1767894124
3015461843	1763855527	3015461843
2918952431	2173319414
3099071047	3312720163	3099071047
2903691551	1767894124
5099000794	2176600225	2933403564
1886850500	3596162902
2672570690	1695647937
2780519573	1220174421
1763855527	3015461843
2129761253	2801856503
2176600225	2933403564
1953928637	1804752192
2563389811	1671068657
1723481427	1788677624
1593955792	2427291353
2357187601	2933403564
1657876165	1804752192
2033735145	2212194044
5315471489	2933403564
2317540077	1835419840
1985088205	1671068657
1806814895	2933403564
3954305375	2277398261
3312720163	3099071047
1708469972	1671068657
3780037607	3267445202
1768255310	1671068657
